8 2 6 2 | 23.55519695 1124546 1.0588646 | 0.517580924 2,58

8 2 6 4 | 34.643206299 1154440 1.0870126 | 0.621538234 2,58

8 2 6 8 | 40.214325455 1169123 1.1008381 | 0.587150588 2,58

8 2 6 10 | 41.700298417 1171604 1.1031741 | 0.612318237 2,58

8 2 7 2 | 31.613662775 1126535 1.0607375 | 0.565571891 2,67

8 2 7 4 | 47.00007261 1157291 1.0896971 | 0.621055715 2,67

8 2 7 8 | 54.329804271 1172665 1.1041732 | 0.641725849 2,67

8 2 7 10 | 55.596546217 1176071 1.1073802 | 0.630272919 2,67

8 2 8 2 | 41.139551409 1126525 1.0607281 | 0.617124501 2,79

8 2 8 4 | 60.245020819 1157210 1.0896208 | 0.615815959 2,79

8 2 8 8 | 69.962546883 1171917 1.1034688 | 0.645320074 2,79

8 2 8 10 | 72.329189252 1175019 1.1063896 | 0.655672053 2,79

8 2 9 2 | 50.622481862 1125415 1.0596828 | 0.576955312 2,94

8 2 9 4 | 75.297938758 1155692 1.0881915 | 0.731789085 2,94

8 2 9 8 | 87.236206697 1169661 1.1013446 | 0.691467539 2,94

8 2 9 10 | 90.672457209 1171996 1.1035432 | 0.678373112 2,94

8 8 6 2 | 24.346256473 1001691 0.9431852 | 0.713632706 2,74

8 8 6 4 | 35.586035054 980659 0.9233816 | 0.920262987 2,74

8 8 6 8 | 41.218714053 967967 0.91143095 | 0.993953149 2,74

8 8 6 10 | 42.332849573 962531 0.90631247 | 1.093359262 2,74

8 8 7 2 | 31.864240789 977982 0.920861 | 0.72831867 2,66

8 13 4 2 | 11.618946283 1001100 0.94262874 | 0.706790552 2,96

8 13 4 4 | 16.816313435 978782 0.9216143 | 0.910976896 2,96

8 13 4 6 | 18.671655079 971850 0.91508716 | 0.986763456 2,96

8 13 9 2 | 50.741567936 885482 0.83376366 | 0.742872135 2,18

8 13 9 4 | 75.830580491 807161 0.76001716 | 1.045823819 2,18

8 13 9 6 | 84.41475032 778853 0.7333625 | 1.066427548 2,18

8 25 4 2 | 11.469638365 942901 0.88782895 | 0.915344704 2,68

8 25 4 4 | 16.912607532 891203 0.8391505 | 0.990611509 2,68

8 25 4 6 | 18.542795118 874659 0.82357275 | 1.005713587 2,68

8 25 9 2 | 51.083493217 837820 0.7888854 | 0.769799194 1,99

8 25 9 4 | 75.85012454 735709 0.6927384 | 1.072389687 1,99

8 25 9 6 | 88.055765578 700971 0.66002935 | 1.111818806 1,99

